camera_matrix:
- - 603.6764157806454
  - 0.0
  - 316.61340080181407
- - 0.0
  - 602.0996492449564
  - 252.51332757817985
- - 0.0
  - 0.0
  - 1.0
dist_coeffs:
- - -0.04269446659889629
  - 1.6808320876717666
  - -0.00022642273380249232
  - -0.0012341316231788539
  - -6.690011963502515

