camera_matrix:
- - 910.7143457624005
  - 0.0
  - 653.4930616632473
- - 0.0
  - 909.0258096414667
  - 371.1417530429486
- - 0.0
  - 0.0
  - 1.0
dist_coeffs:
- - 0.21843516747745384
  - -0.7292509915460534
  - -0.0001723963825859817
  - -0.005002235110178881
  - 0.7684598850026778
