camera_matrix:
- - 597.4386697370697
  - 0.0
  - 312.1495317020461
- - 0.0
  - 597.0502477388129
  - 260.1326561334311
- - 0.0
  - 0.0
  - 1.0
dist_coeffs:
- - -0.004075139881296858
  - 0.8879753566161837
  - 0.0029892345056989544
  - -0.004433307257428862
  - -2.765311642702858
